2 1 10 2.0001 1.0001 10
2.33333333333 2.0 15.0 2.5 2.0 15.0
2.33333333333 2.0 15.0 2.5 2.5 15.0
2.5 2.0 15.0 3.0 2.0 15.0
2.5 2.5 15.0 2.625 2.875 15.0
2.625 2.875 15.0 3.0 2.5 15.0
3.0 2.0 15.0 3.0 2.5 15.0
2.33333333333 2.0 15.0 2.5 2.0 15.0
2.33333333333 2.0 15.0 2.5 2.5 15.0
2.5 2.0 15.0 3.0 2.0 15.0
2.5 2.5 15.0 2.625 2.875 15.0
2.625 2.875 15.0 3.0 2.5 15.0
3.0 2.0 15.0 3.0 2.5 15.0
2.38095238095 2.14285714286 15.7142857143 2.57142857143 2.14285714286 15.7142857143
2.38095238095 2.14285714286 15.7142857143 2.5 2.5 15.7142857143
2.5 2.5 15.7142857143 2.71428571429 2.71428571429 15.7142857143
2.57142857143 2.14285714286 15.7142857143 3.14285714286 2.14285714286 15.7142857143
2.71428571429 2.71428571429 15.7142857143 2.71428571429 3.14285714286 15.7142857143
2.71428571429 3.14285714286 15.7142857143 3.14285714286 2.71428571429 15.7142857143
3.14285714286 2.14285714286 15.7142857143 3.14285714286 2.71428571429 15.7142857143
2.38095238095 2.14285714286 15.7142857143 2.57142857143 2.14285714286 15.7142857143
2.38095238095 2.14285714286 15.7142857143 2.5 2.5 15.7142857143
2.5 2.5 15.7142857143 2.71428571429 2.71428571429 15.7142857143
2.57142857143 2.14285714286 15.7142857143 3.14285714286 2.14285714286 15.7142857143
2.71428571429 2.71428571429 15.7142857143 2.71428571429 3.14285714286 15.7142857143
2.71428571429 3.14285714286 15.7142857143 3.14285714286 2.71428571429 15.7142857143
3.14285714286 2.14285714286 15.7142857143 3.14285714286 2.71428571429 15.7142857143
2.44444444444 2.33333333333 16.6666666667 2.66666666667 2.33333333333 16.6666666667
2.44444444444 2.33333333333 16.6666666667 2.5 2.5 16.6666666667
2.5 2.5 16.6666666667 3.0 3.0 16.6666666667
2.66666666667 2.33333333333 16.6666666667 3.33333333333 2.33333333333 16.6666666667
3.0 3.0 16.6666666667 3.0 3.33333333333 16.6666666667
3.0 3.33333333333 16.6666666667 3.33333333333 3.0 16.6666666667
3.33333333333 2.33333333333 16.6666666667 3.33333333333 3.0 16.6666666667
2.44444444444 2.33333333333 16.6666666667 2.66666666667 2.33333333333 16.6666666667
2.44444444444 2.33333333333 16.6666666667 2.5 2.5 16.6666666667
2.5 2.5 16.6666666667 3.0 3.0 16.6666666667
2.66666666667 2.33333333333 16.6666666667 3.33333333333 2.33333333333 16.6666666667
3.0 3.0 16.6666666667 3.0 3.33333333333 16.6666666667
3.0 3.33333333333 16.6666666667 3.33333333333 3.0 16.6666666667
3.33333333333 2.33333333333 16.6666666667 3.33333333333 3.0 16.6666666667
2.44444444444 2.33333333333 16.6666666667 2.66666666667 2.33333333333 16.6666666667
2.44444444444 2.33333333333 16.6666666667 2.5 2.5 16.6666666667
2.5 2.5 16.6666666667 3.0 3.0 16.6666666667
2.66666666667 2.33333333333 16.6666666667 3.33333333333 2.33333333333 16.6666666667
3.0 3.0 16.6666666667 3.0 3.33333333333 16.6666666667
3.0 3.33333333333 16.6666666667 3.33333333333 3.0 16.6666666667
3.33333333333 2.33333333333 16.6666666667 3.33333333333 3.0 16.6666666667
2.44444444444 2.33333333333 16.6666666667 2.66666666667 2.33333333333 16.6666666667
2.44444444444 2.33333333333 16.6666666667 2.5 2.5 16.6666666667
2.5 2.5 16.6666666667 3.0 3.0 16.6666666667
2.66666666667 2.33333333333 16.6666666667 3.33333333333 2.33333333333 16.6666666667
3.0 3.0 16.6666666667 3.0 3.33333333333 16.6666666667
3.0 3.33333333333 16.6666666667 3.33333333333 3.0 16.6666666667
3.33333333333 2.33333333333 16.6666666667 3.33333333333 3.0 16.6666666667
2.48484848485 2.45454545455 17.2727272727 2.72727272727 2.45454545455 17.2727272727
2.48484848485 2.45454545455 17.2727272727 2.5 2.5 17.2727272727
2.5 2.5 17.2727272727 3.18181818182 3.18181818182 17.2727272727
2.72727272727 2.45454545455 17.2727272727 3.45454545455 2.45454545455 17.2727272727
3.18181818182 3.18181818182 17.2727272727 3.18181818182 3.45454545455 17.2727272727
3.18181818182 3.45454545455 17.2727272727 3.18181818182 3.45454545455 17.2727272727
3.18181818182 3.45454545455 17.2727272727 3.45454545455 2.63636363636 17.2727272727
3.45454545455 2.45454545455 17.2727272727 3.45454545455 2.63636363636 17.2727272727
2.48484848485 2.45454545455 17.2727272727 2.72727272727 2.45454545455 17.2727272727
2.48484848485 2.45454545455 17.2727272727 2.5 2.5 17.2727272727
2.5 2.5 17.2727272727 3.18181818182 3.18181818182 17.2727272727
2.72727272727 2.45454545455 17.2727272727 3.45454545455 2.45454545455 17.2727272727
3.18181818182 3.18181818182 17.2727272727 3.18181818182 3.45454545455 17.2727272727
3.18181818182 3.45454545455 17.2727272727 3.18181818182 3.45454545455 17.2727272727
3.18181818182 3.45454545455 17.2727272727 3.45454545455 2.63636363636 17.2727272727
3.45454545455 2.45454545455 17.2727272727 3.45454545455 2.63636363636 17.2727272727
2.5 2.5 17.5 2.75 2.5 17.5
2.5 2.5 17.5 3.25 3.25 17.5
2.75 2.5 17.5 3.5 2.5 17.5
3.25 3.25 17.5 3.5 2.5 17.5
2.5 2.5 17.5 2.75 2.5 17.5
2.5 2.5 17.5 3.25 3.25 17.5
2.75 2.5 17.5 3.5 2.5 17.5
3.25 3.25 17.5 3.5 2.5 17.5
3 3 20 3.33333333333 3.0 20
3 3 20 3.25 3.25 20
3.25 3.25 20 3.33333333333 3.0 20
